OFF
    60   62    0
     0.771    -0.182     0.182
     0.000    -0.659     0.477
     0.659    -0.477     0.000
     0.182     0.182     0.771
     0.182     0.771    -0.182
    -0.182    -0.182    -0.771
     0.589    -0.295    -0.477
     0.182    -0.182     0.771
     0.295    -0.477     0.589
     0.589    -0.295     0.477
     0.000    -0.659    -0.477
     0.477     0.589    -0.295
     0.295     0.477    -0.589
    -0.771     0.182     0.182
     0.771     0.182    -0.182
    -0.477     0.589     0.295
     0.477    -0.589     0.295
    -0.182     0.182     0.771
     0.477     0.000    -0.659
     0.589     0.295    -0.477
     0.477     0.589     0.295
     0.182    -0.771    -0.182
     0.295     0.477     0.589
    -0.477     0.000    -0.659
    -0.182    -0.182     0.771
     0.182    -0.182    -0.771
    -0.182     0.771    -0.182
     0.182    -0.771     0.182
    -0.477     0.000     0.659
    -0.589     0.295    -0.477
     0.182     0.771     0.182
     0.589     0.295     0.477
    -0.295    -0.477     0.589
    -0.477     0.589    -0.295
    -0.771     0.182    -0.182
    -0.477    -0.589     0.295
    -0.182    -0.771     0.182
    -0.589    -0.295    -0.477
    -0.589     0.295     0.477
    -0.659    -0.477     0.000
     0.000     0.659    -0.477
    -0.295    -0.477    -0.589
    -0.295     0.477    -0.589
    -0.771    -0.182     0.182
     0.771     0.182     0.182
    -0.589    -0.295     0.477
     0.000     0.659     0.477
     0.182     0.182    -0.771
    -0.182    -0.771    -0.182
     0.771    -0.182    -0.182
    -0.182     0.771     0.182
    -0.477    -0.589    -0.295
     0.659     0.477     0.000
     0.477     0.000     0.659
    -0.295     0.477     0.589
    -0.182     0.182    -0.771
    -0.771    -0.182    -0.182
     0.477    -0.589    -0.295
     0.295    -0.477    -0.589
    -0.659     0.477     0.000
  
  4   9 0 2 16    204 153  51
  3   31 22 20     51 204 153
  3   57 6 58      51 204 153
  4   24 7 3 17   204 153  51
  3   3 7 53       51 204 153
  4   35 32 1 36  204 153  51
  3   14 52 44     51 204 153
  3   59 13 34     51 204 153
  5   26 50 15 59 33 153  51 204
  5   11 52 20 30 4 153  51 204
  4   7 8 9 53    204 153  51
  5   38 28 45 43 13 153  51 204
  4   3 22 31 53  204 153  51
  3   1 27 36      51 204 153
  4   10 21 57 58 204 153  51
  4   17 54 38 28 204 153  51
  4   20 22 46 30 204 153  51
  5   54 17 3 22 46 153  51 204
  4   24 32 45 28 204 153  51
  3   35 45 32     51 204 153
  5   37 56 34 29 23 153  51 204
  4   31 44 52 20 204 153  51
  3   21 10 48     51 204 153
  3   11 19 12     51 204 153
  4   38 13 59 15 204 153  51
  4   44 0 49 14  204 153  51
  4   21 48 36 27 204 153  51
  4   45 43 39 35 204 153  51
  3   38 54 15     51 204 153
  5   8 7 24 32 1 153  51 204
  4   52 11 19 14 204 153  51
  3   50 30 46     51 204 153
  5   44 31 53 9 0 153  51 204
  4   59 33 29 34 204 153  51
  5   25 5 41 10 58 153  51 204
  5   21 57 2 16 27 153  51 204
  4   51 37 56 39 204 153  51
  4   34 13 43 56 204 153  51
  4   16 8 1 27   204 153  51
  4   19 18 47 12 204 153  51
  3   0 2 49       51 204 153
  3   17 24 28     51 204 153
  4   23 55 42 29 204 153  51
  4   4 11 12 40  204 153  51
  5   6 49 14 19 18 153  51 204
  4   37 23 5 41  204 153  51
  3   23 55 5      51 204 153
  3   43 39 56     51 204 153
  4   47 55 5 25  204 153  51
  4   15 54 46 50 204 153  51
  3   16 9 8       51 204 153
  4   6 18 25 58  204 153  51
  3   18 47 25     51 204 153
  5   48 36 35 39 51 153  51 204
  4   26 33 42 40 204 153  51
  3   33 29 42     51 204 153
  5   47 12 40 42 55 153  51 204
  4   48 51 41 10 204 153  51
  3   51 37 41     51 204 153
  4   30 4 26 50  204 153  51
  4   57 6 49 2   204 153  51
  3   26 4 40      51 204 153
